-1 0.000000 0.000000 0.000000 0.000000 
0 10.000000 0.000000 0.000000 0.000668 
1 8.660254 5.000000 0.000334 0.000579 
2 5.000000 8.660254 0.000579 0.000334 
3 0.000000 10.000000 0.000668 0.000000 
4 -5.000000 8.660254 0.000579 -0.000334 
5 -8.660254 5.000000 0.000334 -0.000579 
6 -10.000000 0.000000 0.000000 -0.000668 
7 -8.660254 -5.000000 -0.000334 -0.000579 
8 -5.000000 -8.660254 -0.000579 -0.000334 
9 -0.000000 -10.000000 -0.000668 -0.000000 
10 5.000000 -8.660254 -0.000579 0.000334 
11 8.660254 -5.000000 -0.000334 0.000579 
12 20.000000 0.000000 0.000000 0.000472 
13 18.793852 6.840403 0.000162 0.000444 
14 15.320889 12.855752 0.000304 0.000362 
15 10.000000 17.320509 0.000409 0.000236 
16 3.472964 19.696156 0.000465 0.000082 
17 -3.472964 19.696156 0.000465 -0.000082 
18 -10.000000 17.320509 0.000409 -0.000236 
19 -15.320889 12.855752 0.000304 -0.000362 
20 -18.793852 6.840403 0.000162 -0.000444 
21 -20.000000 0.000000 0.000000 -0.000472 
22 -18.793852 -6.840403 -0.000162 -0.000444 
23 -15.320889 -12.855752 -0.000304 -0.000362 
24 -10.000000 -17.320509 -0.000409 -0.000236 
25 -3.472964 -19.696156 -0.000465 -0.000082 
26 3.472964 -19.696156 -0.000465 0.000082 
27 10.000000 -17.320509 -0.000409 0.000236 
28 15.320889 -12.855752 -0.000304 0.000362 
29 18.793852 -6.840403 -0.000162 0.000444 
30 30.000000 0.000000 0.000000 0.000386 
31 28.977776 7.764571 0.000100 0.000373 
32 25.980762 15.000000 0.000193 0.000334 
33 21.213203 21.213203 0.000273 0.000273 
34 15.000000 25.980762 0.000334 0.000193 
35 7.764571 28.977776 0.000373 0.000100 
36 0.000000 30.000000 0.000386 0.000000 
37 -7.764571 28.977776 0.000373 -0.000100 
38 -15.000000 25.980762 0.000334 -0.000193 
39 -21.213203 21.213203 0.000273 -0.000273 
40 -25.980762 15.000000 0.000193 -0.000334 
41 -28.977776 7.764571 0.000100 -0.000373 
42 -30.000000 0.000000 0.000000 -0.000386 
43 -28.977776 -7.764571 -0.000100 -0.000373 
44 -25.980762 -15.000000 -0.000193 -0.000334 
45 -21.213203 -21.213203 -0.000273 -0.000273 
46 -15.000000 -25.980762 -0.000334 -0.000193 
47 -7.764571 -28.977776 -0.000373 -0.000100 
48 -0.000000 -30.000000 -0.000386 -0.000000 
49 7.764571 -28.977776 -0.000373 0.000100 
50 15.000000 -25.980762 -0.000334 0.000193 
51 21.213203 -21.213203 -0.000273 0.000273 
52 25.980762 -15.000000 -0.000193 0.000334 
53 28.977776 -7.764571 -0.000100 0.000373 
54 40.000000 0.000000 0.000000 0.000334 
55 39.125904 8.316467 0.000069 0.000327 
56 36.541817 16.269466 0.000136 0.000305 
57 32.360680 23.511410 0.000196 0.000270 
58 26.765224 29.725794 0.000248 0.000224 
59 20.000000 34.641018 0.000289 0.000167 
60 12.360680 38.042259 0.000318 0.000103 
61 4.181139 39.780876 0.000332 0.000035 
62 -4.181139 39.780876 0.000332 -0.000035 
63 -12.360680 38.042259 0.000318 -0.000103 
64 -20.000000 34.641018 0.000289 -0.000167 
65 -26.765224 29.725794 0.000248 -0.000224 
66 -32.360680 23.511410 0.000196 -0.000270 
67 -36.541817 16.269466 0.000136 -0.000305 
68 -39.125904 8.316467 0.000069 -0.000327 
69 -40.000000 0.000000 0.000000 -0.000334 
70 -39.125904 -8.316467 -0.000069 -0.000327 
71 -36.541817 -16.269466 -0.000136 -0.000305 
72 -32.360680 -23.511410 -0.000196 -0.000270 
73 -26.765224 -29.725794 -0.000248 -0.000224 
74 -20.000000 -34.641018 -0.000289 -0.000167 
75 -12.360680 -38.042259 -0.000318 -0.000103 
76 -4.181139 -39.780876 -0.000332 -0.000035 
77 4.181139 -39.780876 -0.000332 0.000035 
78 12.360680 -38.042259 -0.000318 0.000103 
79 20.000000 -34.641018 -0.000289 0.000167 
80 26.765224 -29.725794 -0.000248 0.000224 
81 32.360680 -23.511410 -0.000196 0.000270 
82 36.541817 -16.269466 -0.000136 0.000305 
83 39.125904 -8.316467 -0.000069 0.000327 
84 -25.000000 43.301270 0.000259 -0.000149 
85 -32.139381 38.302223 0.000229 -0.000192 
86 -38.302223 32.139381 0.000192 -0.000229 
87 -43.301270 25.000000 0.000149 -0.000259 
88 -46.984631 17.101007 0.000102 -0.000281 
89 -49.240387 8.682409 0.000052 -0.000294 
90 -50.000000 0.000000 0.000000 -0.000299 
91 -49.240387 -8.682409 -0.000052 -0.000294 
92 -46.984631 -17.101007 -0.000102 -0.000281 
93 -43.301270 -25.000000 -0.000149 -0.000259 
94 -38.302223 -32.139381 -0.000192 -0.000229 
95 -32.139381 -38.302223 -0.000229 -0.000192 
96 -25.000000 -43.301270 -0.000259 -0.000149 
97 -17.101007 -46.984631 -0.000281 -0.000102 
98 -8.682409 -49.240387 -0.000294 -0.000052 
99 -0.000000 -50.000000 -0.000299 -0.000000 
100 8.682409 -49.240387 -0.000294 0.000052 
101 17.101007 -46.984631 -0.000281 0.000102 
102 25.000000 -43.301270 -0.000259 0.000149 
103 32.139381 -38.302223 -0.000229 0.000192 
104 38.302223 -32.139381 -0.000192 0.000229 
105 43.301270 -25.000000 -0.000149 0.000259 
106 46.984631 -17.101007 -0.000102 0.000281 
107 49.240387 -8.682409 -0.000052 0.000294 
108 50.000000 -0.000000 -0.000000 0.000299 
109 49.240387 8.682409 0.000052 0.000294 
110 46.984631 17.101007 0.000102 0.000281 
111 43.301270 25.000000 0.000149 0.000259 
112 38.302223 32.139381 0.000192 0.000229 
113 32.139381 38.302223 0.000229 0.000192 
114 25.000000 43.301270 0.000259 0.000149 
115 17.101007 46.984631 0.000281 0.000102 
116 8.682409 49.240387 0.000294 0.000052 
117 0.000000 50.000000 0.000299 0.000000 
118 -8.682409 49.240387 0.000294 -0.000052 
119 -17.101007 46.984631 0.000281 -0.000102 
